#carId, starttime, RoadId...
(10000, 1, 5024, 5025, 5026, 5032, 5043, 5048, 5047, 5052, 5058)
(10001, 3, 5025, 5026, 5032, 5043, 5048, 5047, 5052)
(10002, 5, 5011, 5012, 5013, 5014, 5015, 5021, 5032, 5043, 5054, 5059, 5058, 5057, 5056, 5050, 5044, 5049)
(10003, 7, 5058, 5059, 5054, 5048, 5047, 5046, 5045, 5039, 5028, 5017, 5011)
(10004, 9, 5036, 5037, 5043, 5054, 5059, 5058, 5057, 5056, 5055, 5049, 5044, 5045, 5040, 5034, 5033, 5027, 5016, 5005, 5000)
(10005, 11, 5034, 5035, 5036, 5037, 5043, 5054, 5059, 5058, 5057, 5056, 5055, 5049, 5038, 5027, 5016, 5005, 5000)
(10006, 13, 5035, 5036, 5037, 5043, 5054, 5059, 5058, 5057, 5056, 5055, 5049, 5044, 5039, 5033, 5027, 5022, 5017, 5012, 5007, 5001)
(10007, 15, 5037, 5043, 5054, 5059, 5058, 5057, 5056, 5055, 5049, 5044, 5045, 5046, 5041, 5035, 5034, 5033, 5027, 5022, 5023, 5018, 5012, 5011, 5005, 5000)
(10008, 17, 5055, 5056, 5057, 5058, 5059, 5054, 5048, 5047, 5046, 5045, 5044, 5038, 5033, 5034, 5035, 5036, 5037, 5032, 5026, 5025, 5024, 5023, 5017, 5006, 5000)
(10009, 19, 5054, 5059, 5058, 5057, 5056, 5055, 5049, 5044, 5045, 5046, 5047, 5042, 5037, 5032, 5026, 5025, 5024, 5018, 5007, 5001, 5000, 5005, 5011)
(10010, 21, 5057, 5058, 5059, 5054, 5048, 5047, 5046, 5045, 5050, 5055, 5049, 5038, 5033, 5034, 5035, 5036, 5037, 5032, 5026, 5025, 5024, 5018, 5007, 5001)
(10011, 23, 5024, 5025, 5026, 5032, 5043, 5054, 5059, 5058, 5057)
(10012, 25, 5035, 5036, 5037, 5043, 5054, 5059, 5058, 5057, 5056, 5055, 5049, 5044, 5039, 5033, 5027, 5016, 5011, 5012, 5007, 5001)
(10013, 27, 5059, 5054, 5048, 5042, 5031, 5026, 5021)
(10014, 29, 5025, 5026, 5032, 5043, 5048, 5053, 5059)
(10015, 31, 5000, 5001, 5002, 5003, 5004, 5010, 5021, 5032, 5043, 5054, 5059, 5058, 5057, 5056, 5055, 5049, 5044, 5045, 5040, 5035, 5036, 5042, 5047)
(10016, 33, 5036, 5037, 5043, 5054, 5059, 5058, 5057, 5056, 5055, 5049, 5044, 5045, 5040, 5034, 5033, 5027, 5022, 5023, 5024, 5019, 5013, 5012, 5011, 5005)
(10017, 35, 5013, 5014, 5015, 5021, 5032, 5043, 5054, 5059, 5058, 5057, 5056)
(10018, 37, 5022, 5023, 5024, 5025, 5026, 5032, 5043, 5054, 5059, 5058, 5057, 5056, 5050, 5045, 5046, 5041, 5035, 5034, 5033, 5038, 5049)
(10019, 39, 5024, 5025, 5026, 5032, 5043, 5054, 5059)
(10020, 41, 5046, 5047, 5048, 5054, 5059, 5058, 5057, 5056, 5055, 5049, 5044, 5039, 5034, 5035, 5036, 5037, 5032, 5021, 5015, 5009)
(10021, 43, 5021, 5032, 5043, 5054, 5059)
(10022, 45, 5003, 5004, 5010, 5021, 5032, 5037, 5042, 5053, 5059, 5054)
(10023, 47, 5035, 5036, 5037, 5043, 5054, 5059, 5058, 5057, 5056, 5055, 5049, 5044, 5039, 5033, 5027, 5022, 5023, 5024, 5019, 5013, 5007, 5001)
(10024, 49, 5044, 5045, 5046, 5047, 5042, 5036, 5030, 5019, 5014, 5015, 5010, 5004)
(10025, 51, 5059, 5054, 5048, 5047, 5041, 5036, 5031, 5020, 5014, 5013, 5018, 5024)
(10026, 53, 5044, 5038, 5027, 5022, 5017, 5011)
(10027, 55, 5032, 5043, 5054)
(10028, 57, 5003, 5004, 5010, 5021, 5032, 5043, 5048, 5047, 5052, 5058)
(10029, 59, 5032, 5043, 5048, 5053, 5059)
(10030, 61, 5045, 5046, 5047, 5048, 5054, 5059, 5058, 5057, 5056, 5055, 5049, 5038, 5033, 5034, 5035, 5036, 5037, 5032, 5026, 5025, 5024, 5023, 5022, 5016, 5011, 5012, 5013, 5014, 5009, 5003, 5002, 5001)
(10031, 63, 5056, 5057, 5058, 5059, 5054, 5048, 5047, 5046, 5045, 5044, 5038, 5033, 5034, 5035, 5036, 5037, 5032, 5026, 5020, 5014, 5008, 5003)
(10032, 65, 5012, 5013, 5014, 5015, 5021, 5032, 5043, 5048, 5047, 5052)
(10033, 67, 5057, 5058, 5059, 5054, 5048, 5047, 5041, 5036, 5037, 5032, 5021, 5015, 5009, 5004)
(10034, 69, 5001, 5002, 5003, 5004, 5010, 5021, 5032, 5043, 5048, 5047, 5041, 5036)
(10035, 71, 5000, 5001, 5002, 5003, 5004, 5010, 5021, 5032, 5043, 5054, 5059, 5058, 5057, 5056, 5055, 5049, 5044, 5045, 5046, 5047, 5042, 5036, 5035, 5034, 5028, 5023, 5024, 5019, 5013, 5012, 5011, 5016, 5027)
(10036, 73, 5011, 5012, 5013, 5014, 5015, 5021, 5032, 5043, 5054, 5059, 5058, 5057, 5051, 5045, 5050)
(10037, 75, 5033, 5034, 5035, 5030, 5024, 5023, 5017, 5006, 5000)
(10038, 77, 5059, 5054, 5048, 5047, 5052, 5057, 5056, 5055, 5049, 5044, 5045, 5040, 5035, 5036, 5037, 5032, 5026, 5025, 5024, 5023, 5017, 5012, 5013, 5014, 5015, 5010)
(10039, 79, 5015, 5021, 5032, 5043, 5054)
(10040, 81, 5055, 5056, 5057, 5058, 5059, 5054, 5048, 5047, 5046, 5040, 5035, 5036, 5037, 5032, 5021, 5010)
(10041, 83, 5025, 5026, 5032, 5043, 5048, 5053, 5058)
(10042, 85, 5055, 5056, 5051, 5040, 5029, 5024, 5019, 5008, 5002, 5007)
(10043, 87, 5046, 5047, 5048, 5054, 5059, 5058, 5057, 5056, 5055, 5049, 5044, 5039, 5034, 5035, 5036, 5031, 5025, 5019, 5008, 5002, 5007)
(10044, 89, 5037, 5043, 5054, 5059, 5058, 5057, 5056, 5055, 5049, 5044, 5045, 5046, 5041, 5035, 5034, 5033, 5027, 5016, 5011, 5006)
(10045, 91, 5001, 5002, 5003, 5004, 5010, 5021, 5032, 5043, 5054, 5059, 5058, 5057, 5056, 5055, 5049, 5044, 5045, 5046, 5041, 5036, 5042)
(10046, 93, 5036, 5037, 5043, 5054, 5059, 5058, 5057, 5056, 5055, 5049, 5044, 5045, 5040, 5034, 5033, 5027, 5022, 5023, 5018, 5012, 5006, 5000)
(10047, 95, 5025, 5026, 5032, 5043, 5054, 5059, 5053, 5047, 5052)
(10048, 97, 5000, 5001, 5002, 5003, 5004, 5010, 5021, 5032, 5043, 5054, 5059, 5058, 5057, 5056, 5050, 5045, 5040, 5034, 5033, 5038, 5049)
(10049, 99, 5003, 5004, 5010, 5021, 5032, 5043, 5054, 5059, 5058, 5057, 5056, 5055, 5049, 5044, 5045, 5046, 5041, 5035, 5034, 5028, 5023, 5024, 5025, 5031)
(10050, 101, 5024, 5025, 5026, 5032, 5043, 5048, 5047, 5052)
(10051, 103, 5013, 5014, 5015, 5021, 5032, 5037, 5042, 5053, 5059, 5054)
(10052, 105, 5023, 5024, 5025, 5026, 5032, 5043, 5054, 5059, 5058, 5057, 5056)
(10053, 107, 5013, 5014, 5015, 5021, 5032, 5043)
(10054, 109, 5012, 5013, 5014, 5015, 5021, 5032, 5043, 5054, 5059)
(10055, 111, 5001, 5002, 5003, 5004, 5010, 5021, 5032, 5043, 5054, 5059, 5058, 5057, 5056, 5050, 5045, 5046, 5041)
(10056, 113, 5025, 5026, 5032, 5043, 5048, 5047, 5052, 5058)
(10057, 115, 5055, 5056, 5057, 5058, 5059, 5054, 5048, 5047, 5046, 5045, 5044, 5038, 5033, 5034, 5035, 5036, 5037, 5032, 5026, 5020, 5009, 5003, 5002, 5007, 5018, 5024, 5019)
(10058, 117, 5043, 5054, 5059, 5058, 5057, 5056, 5055, 5049, 5044, 5045, 5046, 5047, 5042, 5036, 5035, 5034, 5033, 5027, 5022, 5023, 5024, 5025, 5020, 5009, 5003)
(10059, 119, 5003, 5004, 5010, 5021, 5032, 5037, 5036, 5041, 5052, 5058, 5059, 5054, 5048)
(10060, 121, 5023, 5024, 5025, 5026, 5032, 5043, 5054)
(10061, 123, 5021, 5032, 5043, 5048, 5047, 5052)
(10062, 125, 5003, 5004, 5010, 5021, 5032, 5043, 5054, 5059, 5058, 5057, 5056, 5055, 5049, 5044, 5045, 5046, 5047, 5042, 5031, 5025, 5030)
(10063, 127, 5022, 5023, 5024, 5025, 5026, 5032, 5043, 5054, 5059, 5058, 5052, 5047, 5042, 5036, 5035, 5040, 5045, 5050, 5056)
(10064, 129, 5037, 5043, 5054, 5059, 5058, 5057, 5056, 5055, 5049, 5044, 5045, 5046, 5041, 5035, 5034, 5033, 5027, 5022, 5023, 5024, 5025, 5026, 5021, 5015, 5014, 5013, 5012, 5011, 5005)
(10065, 131, 5002, 5003, 5004, 5010, 5021, 5032, 5043, 5054, 5059, 5058, 5057, 5056, 5050, 5045, 5046, 5047, 5042, 5036, 5035, 5034, 5033, 5038, 5049)
(10066, 133, 5053, 5047, 5046, 5040, 5029, 5023, 5017, 5006, 5000, 5005)
(10067, 135, 5032, 5043, 5054)
(10068, 137, 5010, 5021, 5032, 5043, 5054, 5059, 5058, 5052, 5046, 5045, 5050, 5056)
(10069, 139, 5013, 5014, 5015, 5021, 5032, 5043, 5054, 5059, 5058, 5057, 5051, 5046, 5041, 5035, 5034, 5039, 5050)
(10070, 141, 5025, 5026, 5032, 5043, 5054)
(10071, 143, 5059, 5054, 5048, 5047, 5052, 5057, 5051, 5040, 5029, 5024)
(10072, 145, 5058, 5059, 5054, 5048, 5047, 5046, 5051, 5056, 5055, 5049, 5044, 5039, 5034, 5035, 5036, 5031, 5025, 5024, 5018, 5012, 5011, 5005, 5000)
(10073, 147, 5037, 5043, 5054, 5059, 5058, 5057, 5056, 5055, 5049, 5044, 5045, 5046, 5041, 5035, 5034, 5033, 5027, 5022, 5023, 5024, 5019, 5013, 5007, 5001)
(10074, 149, 5057, 5052, 5046, 5040, 5029, 5018, 5012, 5017)
(10075, 151, 5026, 5032, 5043, 5054)
(10076, 153, 5057, 5058, 5053, 5047, 5046, 5040, 5029, 5018, 5012, 5011, 5005, 5000)
(10077, 155, 5002, 5003, 5004, 5010, 5021, 5032, 5043, 5054, 5059, 5058, 5052, 5041, 5035, 5034, 5039, 5050, 5056, 5051)
(10078, 157, 5002, 5003, 5004, 5010, 5021, 5032, 5043, 5054, 5059, 5058, 5057, 5051, 5045, 5050)
(10079, 159, 5024, 5025, 5026, 5032, 5043, 5054, 5059, 5053, 5047, 5046, 5051, 5057)
(10080, 161, 5043, 5054, 5059, 5058, 5057, 5056, 5055, 5049, 5044, 5045, 5046, 5047, 5042, 5036, 5035, 5034, 5033, 5027, 5022, 5017, 5006)
(10081, 163, 5013, 5014, 5015, 5021, 5032, 5043, 5054, 5059, 5058, 5057, 5056, 5055, 5049, 5044, 5045, 5040, 5035, 5036, 5042, 5047)
(10082, 165, 5046, 5047, 5048, 5054, 5059, 5058, 5057, 5056, 5055, 5049, 5044, 5039, 5034, 5035, 5036, 5031, 5025, 5024, 5023, 5017, 5011, 5005)
(10083, 167, 5059, 5058, 5057, 5056, 5055, 5049, 5044, 5045, 5046, 5047, 5048, 5043, 5037, 5036, 5030, 5025, 5020, 5015, 5010)
(10084, 169, 5014, 5015, 5021, 5032, 5043)
(10085, 171, 5058, 5059, 5054, 5048, 5047, 5046, 5051, 5056, 5055, 5049, 5044, 5039, 5034, 5035, 5036, 5031, 5020, 5015)
(10086, 173, 5044, 5045, 5046, 5047, 5048, 5043, 5037, 5036, 5035, 5034, 5033, 5027, 5022, 5023, 5024, 5025, 5020, 5014, 5008, 5002)
(10087, 175, 5035, 5036, 5037, 5043, 5054, 5059, 5058, 5057, 5056, 5055, 5049, 5038, 5027, 5016, 5005)
(10088, 177, 5032, 5043, 5048, 5053, 5059)
(10089, 179, 5036, 5037, 5043, 5054, 5059, 5058, 5057, 5056, 5055, 5049, 5044, 5045, 5040, 5034, 5033, 5027, 5022, 5023, 5024, 5019, 5013, 5012, 5006, 5001)
(10090, 181, 5003, 5004, 5010, 5021, 5032, 5043, 5054, 5059, 5058, 5052, 5047, 5042)
(10091, 183, 5059, 5054, 5048, 5047, 5041, 5036, 5037, 5032, 5021, 5015, 5014, 5008, 5003)
(10092, 185, 5046, 5047, 5048, 5054, 5059, 5058, 5057, 5056, 5055, 5049, 5044, 5039, 5034, 5035, 5030, 5024, 5023, 5022, 5016)
(10093, 187, 5033, 5034, 5035, 5030, 5024, 5023, 5017, 5006, 5000)
(10094, 189, 5035, 5029, 5018, 5013, 5014, 5009, 5003)
(10095, 191, 5043, 5054, 5059, 5058, 5057, 5056, 5055, 5049, 5044, 5045, 5046, 5047, 5042, 5036, 5035, 5034, 5033, 5027, 5022, 5023, 5024, 5025, 5026, 5021, 5015, 5009, 5004)
(10096, 193, 5058, 5059, 5054, 5048, 5047, 5046, 5051, 5056, 5055, 5049, 5044, 5039, 5034, 5035, 5036, 5037, 5032, 5026, 5025, 5024, 5018, 5013, 5008, 5002, 5001, 5006, 5011, 5016, 5022)
(10097, 195, 5023, 5024, 5025, 5026, 5032, 5043, 5054, 5059)
(10098, 197, 5021, 5032, 5043)
(10099, 199, 5059, 5058, 5057, 5056, 5055, 5049, 5044, 5045, 5046, 5047, 5048, 5043, 5037, 5036, 5035, 5034, 5033, 5027, 5022, 5023, 5024, 5025, 5020, 5014, 5013, 5012, 5006, 5001, 5002, 5003, 5004, 5010)
(10100, 201, 5023, 5024, 5025, 5026, 5032, 5043, 5054, 5059, 5058, 5057, 5051, 5046, 5041, 5035, 5034, 5039, 5050)
(10101, 203, 5012, 5013, 5014, 5015, 5021, 5032, 5043, 5054, 5059, 5058, 5057, 5056, 5055)
(10102, 205, 5033, 5027, 5016, 5011, 5012, 5007, 5001)
(10103, 207, 5000, 5001, 5002, 5003, 5004, 5010, 5021, 5032, 5043, 5054)
(10104, 209, 5013, 5014, 5015, 5021, 5032, 5043, 5054, 5059, 5058, 5052, 5046, 5045, 5050, 5056)
(10105, 211, 5025, 5026, 5032, 5043, 5054)
(10106, 213, 5045, 5051, 5056, 5055, 5049, 5038, 5027, 5022, 5017, 5011)
(10107, 215, 5004, 5010, 5021, 5032, 5043, 5054, 5059, 5058, 5052, 5047, 5042, 5036, 5035, 5040, 5051)
(10108, 217, 5044, 5045, 5046, 5047, 5048, 5043, 5037, 5036, 5035, 5034, 5033, 5027, 5022, 5023, 5024, 5025, 5020, 5014, 5013, 5012, 5006, 5000, 5005)
(10109, 219, 5023, 5024, 5025, 5026, 5032, 5043, 5054, 5059, 5058, 5057, 5056)
(10110, 221, 5015, 5021, 5032, 5037, 5042, 5053, 5059, 5054)
(10111, 223, 5056, 5057, 5058, 5059, 5054, 5048, 5047, 5046, 5040, 5035, 5030, 5025, 5020, 5014)
(10112, 225, 5026, 5032, 5043, 5054)
(10113, 227, 5044, 5045, 5046, 5047, 5048, 5043, 5037, 5036, 5035, 5034, 5033, 5027, 5022, 5023, 5024, 5025, 5020, 5014, 5008, 5003)
(10114, 229, 5011, 5012, 5013, 5014, 5015, 5021, 5032, 5043)
(10115, 231, 5001, 5002, 5003, 5004, 5010, 5021, 5032, 5043, 5054, 5059, 5058, 5057, 5051, 5040, 5034, 5039)
(10116, 233, 5047, 5048, 5054, 5059, 5058, 5057, 5051, 5040, 5029, 5018, 5012, 5006)
(10117, 235, 5023, 5024, 5025, 5026, 5032, 5043, 5054, 5059, 5058, 5052, 5046, 5051)
(10118, 237, 5011, 5012, 5013, 5014, 5015, 5021, 5032, 5043, 5054, 5059, 5058, 5057, 5051, 5040, 5034, 5033, 5038, 5049, 5055, 5050)
(10119, 239, 5039, 5028, 5017, 5006, 5000)
(10120, 241, 5034, 5035, 5036, 5037, 5043, 5054, 5059, 5058, 5057, 5056, 5055, 5049, 5038, 5027, 5022, 5023, 5024, 5025, 5026, 5021, 5015, 5014, 5013, 5012, 5011, 5005, 5000)
(10121, 243, 5057, 5058, 5053, 5047, 5046, 5045, 5044, 5038, 5027, 5016)
(10122, 245, 5012, 5013, 5014, 5015, 5021, 5032, 5043, 5054, 5059, 5058, 5057, 5056, 5050, 5045, 5046, 5047, 5042, 5036, 5035, 5034, 5033, 5038, 5049)
(10123, 247, 5059, 5054, 5048, 5047, 5052, 5057, 5056, 5055, 5049, 5044, 5045, 5040, 5035, 5036, 5037, 5032, 5026, 5025, 5019, 5008, 5003, 5004, 5010, 5015)
(10124, 249, 5047, 5048, 5054, 5059, 5058, 5057, 5056, 5055, 5049, 5044, 5045, 5040, 5035, 5036, 5037, 5032, 5026, 5025, 5024, 5023, 5022, 5016, 5011, 5012, 5013, 5014, 5015, 5010, 5004)
(10125, 251, 5014, 5015, 5021, 5032, 5043, 5048, 5047, 5052, 5058)
(10126, 253, 5004, 5010, 5021, 5032, 5043, 5054, 5059)
(10127, 255, 5034, 5035, 5036, 5037, 5043, 5054, 5059, 5058, 5057, 5056, 5055, 5049, 5038, 5027, 5016, 5011, 5012, 5007, 5001)